Year;Yearly installed capacity [GWp];Accumulated capacity [GWp]
2001;0.0638;0.0876
2002;0.0644;0.152
2003;0.0731;0.2251
2004;0.1382;0.3633
2005;0.2146;0.5779
2006;0.2212;0.7991
2007;0.2499;1.049
2008;0.375;1.424
2009;0.515;1.939
2010;0.691;2.63
2011;0.799;3.429
2012;0.639;4.068
2013;0.556;4.624
2014;0.352;4.976
2015;0.251;5.227
2016;0.27;5.497
2017;0.356;5.853
2018;0.399;6.252
2019;0.629;6.881
2020;1.146;8.027
2021;1.041;9.068
2022;1.65;10.718
2023;2.687;13.405
